accommodate 1531 1538 1552
acreage 1786 1792 1799
aggression 1780 1808 1813
aggressive 1761 1769 1770
amateur 1787 1807 1813
annually 1574 1595 1598
apparent 1577 1590 1591
atheist 1714 1724 1727
becoming 1622 1630 1631
beginning 1576 1587 1600
benefit 1565 1575 1580
buoy 1629 1635 1636
buoyant 1757 1769 1775
calendar 2020 2019
camouflage 1906 1923 1933
Caribbean 1658 1670 1671
category 1803 1809 1815
caught 1772 1788 1790
colleague 1649 1655 1657
column 1839 1845 1846
coming 1611 1617 1623
committed 1555 1561 1564
concede 1697 1704 1711
congratulate 1840 1846 1847
conscientious 1616 1622 1629
conscious 1691 1698 1700
consensus 2020 2019
controversy 1708 1735 1744
coolly 1637 1644 1646
daiquiri 1928 1949 1954
definite 1575 1581 1584
definitely 1581 1594 1597
desperate 1801 1809 1812
difference 1574 1580 1581
dilemma 1690 1696 1697
disappoint 1711 1717 1725
disastrous 1587 1594 1601
dumbbell 1824 1830 1834
embarrass 1578 1589 1625
equipment 1829 1835 1847
exhilarate 1756 1762 1764
experience 1671 1677 1713
fascinating 1701 1707 1710
fluorescent 1853 1880 1887
gauge 2020 2019
grateful 1552 1562 1563
guarantee 1679 1687 1695
guidance 1661 1676 1684
harass 1598 1608 1617
height 2020 2019
hygiene 1799 1809 1817
imitate 1669 1676 1685
independent 1612 1618 1619
indict 1538 1544 1548
indispensable 1556 1562 1568
intelligence 1593 1600 1604
leisure 1928 1937 1952
liaison 1752 1762 1769
lightning 1592 1598 1605
medieval 1829 1853 1856
millennium 2020 2019
miniature 1769 1785 1786
minuscule 1701 1720 1760
misspell 1768 1778 1785
neighbour 1830 1836 1841
niece 1664 1670 1686
noticeable 1753 1759 1763
occasion 1632 1638 1640
occurrence 2020 2019
original 1681 1687 1690
parliament 1599 1606 1613
pastime 1629 1640 1641
perseverance 1623 1629 1631
personnel 1814 1820 1824
plagiarize 1880 1894 1912
playwright 1797 1803 1809
possession 1602 1608 1615
potatoes 1714 1720 1721
principle 2020 2019
professor 1835 1841 1850
proof 1583 1589 1592
protester 1642 1648 1670
publicly 1722 1728 1733
quarantine 1802 1808 1813
questionnaire 1890 1937 1938
queue 1612 1621 1622
receipt 1787 1793 1808
receive 1878 1884 1905
recommend 1555 1561 1562
reference 1633 1639 1643
referred 1826 1858 1862
relevant 1528 1534 1549
repetition 1642 1653 1659
restaurant 1829 1835 1847
rhythm 1637 1643 1650
seize 1912 1918 1924
sergeant 1763 1769 1774
similar 1757 1808 1811
speech 1654 1660 1675
successful 1592 1604 1605
tomatoes 1764 1774 1776
tyranny 1650 1656 1662
underrate 1764 1774 1786
upholstery 1805 1811 1817
vacuum 1656 1662 1666
vehicle 1800 1806 1815
welfare 1909 1924 1928
